Instante(s),Pos_ang(rad),Pos_x(m),Pos_y(m)
0.0,0.0,0.7,0.0
0.07,0.0,0.7,0.0
0.145,0.0,0.7,0.0
0.24,0.0,0.7,0.0
0.28,0.0,0.7,0.0
0.374,0.0,0.7,0.0
0.419,0.0,0.7,0.0
0.491,0.0,0.7,0.0
0.56,0.0,0.7,0.0
0.657,0.0,0.7,0.0
0.699,0.0,0.7,0.0
0.8,0.0,0.7,0.0
0.865,0.0,0.7,0.0
0.913,0.0,0.7,0.0
0.989,0.0,0.7,0.0
1.078,0.0,0.7,0.0
1.126,0.0,0.7,0.0
1.204,0.0,0.7,0.0
1.268,0.0,0.7,0.0
1.329,0.0,0.7,0.0
1.399,0.0,0.7,0.0
1.497,0.0,0.7,0.0
1.539,0.0,0.7,0.0
1.609,0.0,0.7,0.0
1.679,0.0,0.7,0.0
1.774,0.0,0.7,0.0
1.819,0.0,0.7,0.0
1.889,0.0,0.7,0.0
1.977,0.0,0.7,0.0
2.03,0.0,0.7,0.0
2.104,0.0,0.7,0.0
2.194,0.0,0.7,0.0
2.271,0.0,0.7,0.0
2.309,0.0,0.7,0.0
2.385,0.0,0.7,0.0
2.481,0.0,0.7,0.0
2.519,0.0,0.7,0.0
2.589,0.0,0.7,0.0
2.71,0.0,0.7,0.0
2.739,0.0,0.7,0.0
2.801,0.0,0.7,0.0
2.886,0.0,0.7,0.0
2.939,0.0,0.7,0.0
3.023,0.0,0.7,0.0
3.092,0.0,0.7,0.0
3.177,0.0,0.7,0.0
3.219,0.0,0.7,0.0
3.313,0.0,0.7,0.0
3.381,0.0,0.7,0.0
3.431,0.0,0.7,0.0
3.506,0.0,0.7,0.0
3.591,0.0,0.7,0.0
3.639,0.0,0.7,0.0
3.709,0.0,0.7,0.0
3.781,0.0,0.7,0.0
3.839,0.0,0.7,0.0
3.929,0.0,0.7,0.0
4.009,0.0,0.7,0.0
4.096,0.0,0.7,0.0
4.129,0.0,0.7,0.0
4.211,0.0,0.7,0.0
4.294,0.0,0.7,0.0
4.34,0.0,0.7,0.0
4.424,0.0,0.7,0.0
4.539,0.0,0.7,0.0
4.561,0.0,0.7,0.0
4.628,0.0,0.7,0.0
4.705,0.0,0.7,0.0
4.819,0.0,0.7,0.0
4.829,0.0,0.7,0.0
4.909,0.0,0.7,0.0
5.003,0.0,0.7,0.0
5.039,0.0,0.7,0.0
5.114,0.0,0.7,0.0
5.215,0.0,0.7,0.0
5.249,0.0,0.7,0.0
5.321,0.0,0.7,0.0
5.432,0.0,0.7,0.0
5.459,0.0,0.7,0.0
5.539,0.0,0.7,0.0
5.617,0.0,0.7,0.0
5.659,0.0,0.7,0.0
5.766,0.0,0.7,0.0
6.631,0.0,0.7,0.0
6.635,0.0,0.7,0.0
6.637,0.0,0.7,0.0
6.639,0.0,0.7,0.0
6.64,0.0,0.7,0.0
6.643,0.0,0.7,0.0
6.645,0.0,0.7,0.0
6.647,0.0,0.7,0.0
6.648,0.0,0.7,0.0
6.65,0.0,0.7,0.0
6.652,0.0,0.7,0.0
6.654,0.0,0.7,0.0
6.668,0.0,0.7,0.0
6.743,0.0,0.7,0.0
6.814,0.0,0.7,0.0
6.891,0.0,0.7,0.0
6.986,0.0,0.7,0.0
7.017,0.0,0.7,0.0
7.079,0.0,0.7,0.0
7.152,0.0,0.7,0.0
