Instante(s),Pos_ang(rad),Pos_x(m),Pos_y(m)
0.0,0.0,0.7,0.0
0.08,0.0,0.7,0.0
0.167,0.0,0.7,0.0
0.228,0.0,0.7,0.0
0.29,0.0,0.7,0.0
0.36,0.0,0.7,0.0
0.444,0.0,0.7,0.0
0.536,0.0,0.7,0.0
0.57,0.0,0.7,0.0
0.65,0.0,0.7,0.0
0.751,0.0,0.7,0.0
0.791,0.0,0.7,0.0
0.86,0.0,0.7,0.0
0.935,0.0,0.7,0.0
1.071,0.0,0.7,0.0
1.074,0.0,0.7,0.0
1.145,0.0,0.7,0.0
1.21,0.0,0.7,0.0
1.28,0.0,0.7,0.0
1.368,0.0,0.7,0.0
1.446,0.0,0.7,0.0
1.491,0.0,0.7,0.0
1.566,0.0,0.7,0.0
1.66,0.0,0.7,0.0
1.701,0.0,0.7,0.0
1.774,0.0,0.7,0.0
1.851,0.0,0.7,0.0
1.954,0.0,0.7,0.0
2.796,0.0,0.7,0.0
2.798,0.0,0.7,0.0
2.8,0.0,0.7,0.0
2.801,0.0,0.7,0.0
2.803,0.0,0.7,0.0
2.815,0.0,0.7,0.0
2.817,0.0,0.7,0.0
2.82,0.0,0.7,0.0
2.822,0.0,0.7,0.0
2.824,0.0,0.7,0.0
2.826,0.0,0.7,0.0
2.828,0.0,0.7,0.0
2.83,0.0,0.7,0.0
2.909,0.0,0.7,0.0
2.992,0.0,0.7,0.0
3.067,0.0,0.7,0.0
3.132,0.0,0.7,0.0
3.223,0.0,0.7,0.0
3.258,0.0,0.7,0.0
3.34,0.0,0.7,0.0
3.407,0.0,0.7,0.0
3.451,0.0,0.7,0.0
3.55,0.0,0.7,0.0
3.62,0.0,0.7,0.0
3.66,0.0,0.7,0.0
3.734,0.0,0.7,0.0
3.845,0.0,0.7,0.0
3.923,0.0,0.7,0.0
3.951,0.0,0.7,0.0
4.024,0.0,0.7,0.0
4.146,0.0,0.7,0.0
4.166,0.0,0.7,0.0
4.235,0.0,0.7,0.0
4.347,0.0,0.7,0.0
4.37,0.0,0.7,0.0
4.44,0.0,0.7,0.0
4.53,0.0,0.7,0.0
4.649,0.0,0.7,0.0
4.651,0.0,0.7,0.0
4.733,0.0,0.7,0.0
4.843,0.0,0.7,0.0
4.863,0.0,0.7,0.0
4.945,0.0,0.7,0.0
5.025,0.0,0.7,0.0
5.07,0.0,0.7,0.0
5.158,0.0,0.7,0.0
5.237,0.0,0.7,0.0
5.327,0.0,0.7,0.0
5.358,0.0,0.7,0.0
5.438,0.0,0.7,0.0
5.527,0.0,0.7,0.0
5.56,0.0,0.7,0.0
5.682,0.0,0.7,0.0
5.706,0.0,0.7,0.0
5.77,0.0,0.7,0.0
