Instante(s),Pos_ang(rad),Pos_x(m),Pos_y(m)
0.0,0.0,0.7,0.0
0.049,0.0,0.7,0.0
0.129,0.0,0.7,0.0
0.246,0.0,0.7,0.0
0.318,0.0,0.7,0.0
0.348,0.0,0.7,0.0
0.434,0.0,0.7,0.0
0.512,0.0,0.7,0.0
0.549,0.0,0.7,0.0
0.646,0.0,0.7,0.0
0.689,0.0,0.7,0.0
0.761,0.0,0.7,0.0
0.861,0.0,0.7,0.0
0.944,0.0,0.7,0.0
1.043,0.0,0.7,0.0
1.869,0.0,0.7,0.0
1.871,0.0,0.7,0.0
1.873,0.0,0.7,0.0
1.878,0.0,0.7,0.0
1.88,0.0,0.7,0.0
1.882,0.0,0.7,0.0
1.884,0.0,0.7,0.0
1.886,0.0,0.7,0.0
1.887,0.0,0.7,0.0
1.889,0.0,0.7,0.0
1.891,0.0,0.7,0.0
1.893,0.0,0.7,0.0
1.896,0.0,0.7,0.0
1.981,0.0,0.7,0.0
2.019,0.0,0.7,0.0
2.091,0.0,0.7,0.0
2.159,0.0,0.7,0.0
2.256,0.0,0.7,0.0
2.343,0.0,0.7,0.0
2.369,0.0,0.7,0.0
2.45,0.0,0.7,0.0
2.545,0.0,0.7,0.0
2.579,0.0,0.7,0.0
2.649,0.0,0.7,0.0
2.737,0.0,0.7,0.0
2.79,0.0,0.7,0.0
2.868,0.0,0.7,0.0
2.939,0.0,0.7,0.0
3.051,0.0,0.7,0.0
3.078,0.0,0.7,0.0
3.163,0.0,0.7,0.0
3.263,0.0,0.7,0.0
3.292,0.0,0.7,0.0
3.364,0.0,0.7,0.0
3.471,0.0,0.7,0.0
3.499,0.0,0.7,0.0
3.584,0.0,0.7,0.0
3.679,0.0,0.7,0.0
3.688,0.0,0.7,0.0
3.768,0.0,0.7,0.0
3.866,0.0,0.7,0.0
3.898,0.0,0.7,0.0
3.978,0.0,0.7,0.0
4.061,0.0,0.7,0.0
4.161,0.0,0.7,0.0
4.188,0.0,0.7,0.0
4.26,0.0,0.7,0.0
4.343,0.0,0.7,0.0
4.388,0.0,0.7,0.0
4.476,0.0,0.7,0.0
4.56,0.0,0.7,0.0
4.599,0.0,0.7,0.0
4.682,0.0,0.7,0.0
4.759,0.0,0.7,0.0
4.86,0.0,0.7,0.0
4.889,0.0,0.7,0.0
4.969,0.0,0.7,0.0
5.08,0.0,0.7,0.0
5.1,0.0,0.7,0.0
5.169,0.0,0.7,0.0
5.269,0.0,0.7,0.0
5.3,0.0,0.7,0.0
5.383,0.0,0.7,0.0
5.467,0.0,0.7,0.0
5.508,0.0,0.7,0.0
5.589,0.0,0.7,0.0
5.675,0.0,0.7,0.0
5.772,0.0,0.7,0.0
5.809,0.0,0.7,0.0
5.903,0.0,0.7,0.0
5.987,0.0,0.7,0.0
6.019,0.0,0.7,0.0
6.089,0.0,0.7,0.0
6.173,0.0,0.7,0.0
6.285,0.0,0.7,0.0
6.314,0.0,0.7,0.0
6.387,0.0,0.7,0.0
6.498,0.0,0.7,0.0
6.526,0.0,0.7,0.0
6.616,0.0,0.7,0.0
6.707,0.0,0.7,0.0
6.727,0.0,0.7,0.0
6.808,0.0,0.7,0.0
6.923,0.0,0.7,0.0
6.946,0.0,0.7,0.0
7.043,0.0,0.7,0.0
7.122,0.0,0.7,0.0
7.149,0.0,0.7,0.0
7.218,0.0,0.7,0.0
7.328,0.0,0.7,0.0
7.358,0.0,0.7,0.0
7.429,0.0,0.7,0.0
7.517,0.0,0.7,0.0
7.591,0.0,0.7,0.0
7.639,0.0,0.7,0.0
