Instante(s),Pos_ang(rad),Pos_x(m),Pos_y(m)
0.0,0.0,0.7,0.0
0.07,0.0,0.7,0.0
0.141,0.0,0.7,0.0
0.223,0.0,0.7,0.0
0.271,0.0,0.7,0.0
0.351,0.0,0.7,0.0
0.446,0.0,0.7,0.0
0.491,0.0,0.7,0.0
0.561,0.0,0.7,0.0
0.631,0.0,0.7,0.0
0.734,0.0,0.7,0.0
0.761,0.0,0.7,0.0
0.841,0.0,0.7,0.0
0.9,0.0,0.7,0.0
0.971,0.0,0.7,0.0
1.051,0.0,0.7,0.0
1.144,0.0,0.7,0.0
1.19,0.0,0.7,0.0
1.27,0.0,0.7,0.0
1.345,0.0,0.7,0.0
1.4,0.0,0.7,0.0
1.481,0.0,0.7,0.0
1.569,0.0,0.7,0.0
1.636,0.0,0.7,0.0
1.691,0.0,0.7,0.0
1.761,0.0,0.7,0.0
1.851,0.0,0.7,0.0
1.901,0.0,0.7,0.0
1.981,0.0,0.7,0.0
2.047,0.0,0.7,0.0
2.152,0.0,0.7,0.0
2.18,0.0,0.7,0.0
2.26,0.0,0.7,0.0
2.356,0.0,0.7,0.0
2.391,0.0,0.7,0.0
2.463,0.0,0.7,0.0
2.566,0.0,0.7,0.0
2.601,0.0,0.7,0.0
2.67,0.0,0.7,0.0
2.762,0.0,0.7,0.0
2.812,0.0,0.7,0.0
2.88,0.0,0.7,0.0
2.952,0.0,0.7,0.0
3.056,0.0,0.7,0.0
3.091,0.0,0.7,0.0
3.167,0.0,0.7,0.0
3.263,0.0,0.7,0.0
3.301,0.0,0.7,0.0
3.37,0.0,0.7,0.0
3.471,0.0,0.7,0.0
3.511,0.0,0.7,0.0
3.581,0.0,0.7,0.0
3.662,0.0,0.7,0.0
3.72,0.0,0.7,0.0
3.791,0.0,0.7,0.0
3.874,0.0,0.7,0.0
3.97,0.0,0.7,0.0
4.002,0.0,0.7,0.0
4.07,0.0,0.7,0.0
4.174,0.0,0.7,0.0
4.21,0.0,0.7,0.0
4.305,0.0,0.7,0.0
4.377,0.0,0.7,0.0
4.42,0.0,0.7,0.0
4.49,0.0,0.7,0.0
4.587,0.0,0.7,0.0
4.632,0.0,0.7,0.0
4.701,0.0,0.7,0.0
4.782,0.0,0.7,0.0
4.831,0.0,0.7,0.0
4.926,0.0,0.7,0.0
5.017,0.0,0.7,0.0
5.051,0.0,0.7,0.0
5.154,0.0,0.7,0.0
5.191,0.0,0.7,0.0
5.315,0.0,0.7,0.0
5.356,0.0,0.7,0.0
5.404,0.0,0.7,0.0
5.494,0.0,0.7,0.0
5.6,0.0,0.7,0.0
5.61,0.0,0.7,0.0
5.712,0.0,0.7,0.0
5.802,0.0,0.7,0.0
5.822,0.0,0.7,0.0
5.89,0.0,0.7,0.0
5.962,0.0,0.7,0.0
6.056,0.0,0.7,0.0
6.12,0.0,0.7,0.0
6.222,0.0,0.7,0.0
6.247,0.0,0.7,0.0
6.331,0.0,0.7,0.0
6.381,0.0,0.7,0.0
6.45,0.0,0.7,0.0
6.551,0.0,0.7,0.0
6.581,0.0,0.7,0.0
6.66,0.0,0.7,0.0
